0 61.6051 63.0623 64.7623 0 0 67.2619 64.0842 0 0 0 0 192.153 0 209.694 0 0 210.817 201.633 199.032 176.981 0 0 179.396 174.6 0 0 0 0 0 133.267 125.74 179.349 185.946 0 0 0 0 181.697 177.04 0 255.376 0 0 0 0 129.461 135.061 0 0 0 0 0 0 0 0 0 0 0 0 0 0 0 0 0 0 0 0 0 0 0 0 0 0 0 0 0 106.765 109.205 0 0 109.817 105.151 0 0 0 0 0 0 0 0 0 0 0 0 0 0 251.246 0 0 0 0 0 0 0 0 0 142.467 146.559 151.148 0 147.591 182.492 0 0 0 184.934 153.349 0 0 154.051 150.636 149.185 148.31 98.9154 0 0 0 0 92.9679 90.1099 88.0999 0 
61.6051 0 2.53554 0 0 0 0 4.74984 0 0 0 0 0 0 0 0 0 0 0 0 0 0 0 0 0 93.4089 0 0 0 0 0 88.2979 0 0 0 0 0 0 0 0 0 0 0 0 0 0 0 0 0 0 0 0 0 0 0 0 0 0 0 0 0 0 0 0 0 0 0 0 0 0 0 0 0 0 0 0 0 63.767 0 0 0 0 0 219.517 0 0 0 0 0 0 0 0 0 0 0 0 0 0 0 0 0 0 0 0 0 0 0 0 0 0 0 0 0 0 0 0 0 0 0 0 0 0 0 0 0 0 0 0 77.5254 62.989 64.1798 67.789 0 
63.0623 2.53554 0 1.70051 0 0 0 0 125.69 0 0 0 135.053 124.23 0 0 0 0 0 0 0 0 0 0 0 90.9543 0 0 0 0 91.3135 85.813 119.954 126.953 0 0 0 0 0 116.893 0 0 0 0 0 0 66.6315 72.2949 0 0 0 0 0 0 0 0 0 0 0 0 0 0 0 0 0 0 0 0 0 0 0 0 0 0 0 0 0 61.2532 0 0 0 56.0336 52.6159 217.099 0 0 0 0 0 0 0 0 281.075 281.354 0 0 0 0 0 197.096 198.293 0 164.119 0 0 0 0 80.8915 85.2486 89.9617 0 84.9757 0 0 0 0 0 0 0 0 0 0 0 0 0 0 0 0 75.1556 60.7535 62.0595 65.8219 0 
64.7623 0 1.70051 0 2.99325 0 0 0 124.312 139.32 0 0 133.567 122.785 0 0 0 0 0 0 0 0 160.769 152.691 0 90.3129 0 0 0 0 0 85.0884 118.388 125.4 0 0 0 0 0 115.3 0 0 0 0 0 0 64.9391 70.6048 0 0 0 0 63.6541 61.6536 0 0 0 0 0 0 0 0 0 0 0 0 0 0 0 0 0 0 0 0 0 0 0 60.4286 0 0 0 54.8289 51.4967 216.53 0 0 0 218.309 0 0 0 293.347 279.538 279.849 203.293 0 0 199.919 198.924 195.848 197.053 0 162.429 0 0 0 0 79.2523 83.6194 88.3361 0 83.2907 119.244 0 0 0 0 0 0 0 0 0 0 0 0 0 0 0 74.6991 60.521 61.9796 65.9162 0 
0 0 0 2.99325 0 2.02244 0 0 122.599 137.632 0 0 131.574 120.901 0 0 0 0 0 0 0 0 160.958 152.901 0 90.1945 0 0 0 0 0 84.8143 116.168 123.216 0 0 0 0 0 112.991 0 0 0 0 0 0 62.2191 67.9006 0 0 0 71.0286 60.7108 58.7267 0 0 0 0 0 0 0 0 0 0 0 0 0 0 0 0 0 0 0 0 0 0 0 59.9886 0 0 0 53.5825 50.4515 216.504 0 0 0 0 281.747 0 0 291.195 277.39 277.788 201.981 0 0 198.442 197.453 194.435 195.657 0 0 0 0 0 0 76.7902 81.1938 85.9223 0 80.6175 116.253 0 0 0 119.173 0 0 0 0 0 0 0 0 0 0 0 74.9415 61.1821 62.897 67.1121 0 
0 0 0 0 2.02244 0 4.68494 0 123.162 138.213 0 0 131.898 121.325 0 0 0 0 0 0 0 0 162.604 154.555 151.035 0 0 0 0 0 0 86.2765 116.279 123.363 0 0 0 0 0 113.012 0 0 0 0 0 0 61.7374 67.4398 0 0 0 70.0634 59.7504 57.8194 0 0 0 0 0 0 0 0 0 0 0 0 0 0 0 0 0 0 0 0 0 0 0 61.3867 0 0 0 54.5278 51.5289 218.056 0 0 0 0 282.059 0 0 291.354 277.553 278.034 202.827 0 0 199.172 198.188 195.21 196.445 0 0 0 0 0 0 76.6533 81.0976 85.8372 0 80.1968 115.014 0 0 0 117.872 0 0 0 0 0 0 0 0 0 0 0 76.6238 63.0092 0 0 0 
67.2619 0 0 0 0 4.68494 0 3.22609 127.179 142.245 0 0 135.595 125.164 0 0 0 0 0 0 0 0 0 0 0 0 0 0 0 0 0 90.9601 119.665 126.799 0 0 0 0 0 116.254 0 0 0 0 0 0 64.1364 69.8647 0 0 0 71.3448 61.078 59.2866 0 0 0 0 205.031 204.248 0 0 0 0 0 0 0 0 0 0 0 0 0 0 0 0 0 0 0 0 0 58.9681 56.0667 0 0 0 0 0 285.711 0 0 0 0 281.587 207.141 0 0 203.366 202.388 199.454 200.701 0 0 0 0 0 0 79.6659 84.1738 88.926 0 82.6743 115.474 0 0 0 118.141 0 0 0 0 0 0 0 0 0 0 0 0 0 0 0 341.718 
64.0842 4.74984 0 0 0 0 3.22609 0 0 0 0 0 0 0 0 0 0 0 0 0 0 0 0 0 0 0 0 0 0 0 0 0 0 0 0 0 0 0 0 0 0 0 0 0 0 0 0 0 0 0 0 0 0 0 0 0 0 0 0 0 0 0 0 0 0 0 0 0 0 0 0 0 0 0 0 0 0 0 0 0 0 0 0 0 0 0 0 0 0 0 0 0 0 0 0 0 0 0 0 0 0 0 0 0 0 0 0 0 0 0 0 0 0 0 0 0 0 0 0 0 0 0 0 0 0 0 0 0 0 0 0 0 0 
0 0 125.69 124.312 122.599 123.162 127.179 0 0 15.085 0 0 0 8.86456 0 0 148.862 143.009 0 0 107.2 107.154 100.261 96.1505 97.312 0 0 0 59.8998 58.9265 57.4746 0 27.8926 0 0 0 0 0 0 33.4453 0 0 0 0 0 0 75.798 0 0 0 0 0 0 0 0 0 0 0 0 0 0 77.2528 0 0 82.9333 72.7542 73.9801 84.902 0 0 0 84.6925 79.5403 76.6402 81.1794 81.6806 82.2242 0 72.225 66.2189 65.5778 70.8003 0 134.238 0 0 0 132.36 0 0 0 0 0 0 82.9131 0 0 77.1278 76.2242 73.9669 75.417 0 0 0 0 0 0 57.2321 53.0902 49.7116 52.7114 0 108.36 108.7 111.468 0 0 0 39.0993 35.1721 35.075 39.0459 0 0 0 0 0 82.3928 81.2226 93.9605 0 0 0 
0 0 0 139.32 137.632 138.213 142.245 0 15.085 0 10.0737 0 0 0 0 0 147.122 141.355 0 0 0 106.052 99.574 96.5898 98.5456 0 0 0 0 0 68.4191 76.3306 0 0 0 0 0 0 0 0 0 0 0 0 0 0 0 0 0 0 0 0 0 0 61.0699 74.1391 0 0 66.4144 65.582 61.0098 69.4507 0 0 72.3259 63.4357 65.1632 0 0 0 0 71.8621 66.8698 64.1867 69.2541 69.7812 0 0 85.9154 80.145 80.1785 85.5439 0 127.406 0 0 0 0 0 0 0 0 145.473 0 68.5997 0 0 62.2413 61.3621 59.3245 60.8306 0 0 0 0 0 0 0 0 0 0 0 0 0 0 0 0 0 46.7308 43.6328 45.1248 0 0 0 0 0 0 93.8981 93.06 106.777 0 0 201.566 
0 0 0 0 0 0 0 0 0 10.0737 0 10.3821 0 0 0 0 155.844 150.118 147.575 0 0 115.089 108.749 106.049 108.161 0 0 0 0 0 0 0 0 0 0 0 0 0 0 0 0 0 0 0 0 0 0 0 0 0 0 0 0 0 54.419 0 0 0 58.6898 57.8688 53.8835 75.911 0 0 76.6935 68.9916 71.0412 0 0 0 0 73.8534 0 66.7967 0 0 0 0 0 0 0 0 0 0 0 0 0 0 0 0 0 0 137.364 136.245 68.1142 0 0 60.09 59.3325 58.1238 59.7696 73.7384 73.4576 0 0 0 84.4316 0 0 0 0 0 0 0 0 0 0 0 0 0 0 0 0 0 0 0 0 0 0 0 0 0 0 
0 0 0 0 0 0 0 0 0 0 10.3821 0 5.66305 0 0 0 0 0 0 0 0 0 0 0 0 0 0 0 0 0 0 0 25.6245 18.9819 25.1832 0 0 0 0 0 0 0 0 0 0 0 0 0 74.81 0 0 0 0 0 61.0626 0 0 0 63.9468 63.157 60.0059 0 0 0 0 0 0 0 0 0 0 0 0 0 0 0 0 0 0 0 0 0 0 0 0 0 0 0 144.727 0 0 0 141.378 141.033 78.1728 0 0 69.6688 68.9626 68.035 69.7121 64.4297 65.4564 0 0 0 0 65.275 60.6441 56.3246 56.0593 0 0 0 0 0 0 0 0 0 0 0 0 0 0 0 0 0 0 0 0 0 0 
192.153 0 135.053 133.567 131.574 131.898 135.595 0 0 0 0 5.66305 0 12.3675 0 0 0 0 0 0 0 0 0 0 0 0 0 0 0 0 0 0 20.2929 14.0938 23.3022 0 0 0 0 0 0 0 0 0 0 0 0 0 69.3669 74.1898 0 0 0 0 66.7 0 0 0 69.4367 68.6526 65.6039 0 0 0 0 0 0 0 0 0 0 0 0 0 0 0 0 0 86.4445 80.1128 77.7839 82.3511 0 0 0 0 0 0 150.174 0 0 0 146.545 146.368 0 0 0 0 0 0 0 0 65.0157 0 0 0 0 59.6151 54.9874 50.6811 50.5756 0 0 0 0 0 0 0 0 0 0 0 0 0 0 0 0 0 0 109.157 0 0 206.127 
0 0 124.23 122.785 120.901 121.325 125.164 0 8.86456 0 0 0 12.3675 0 0 0 157.634 151.776 0 0 115.646 0 108.971 104.728 105.762 0 0 0 65.4717 64.3188 62.4254 69.6204 19.1164 17.0746 31.5659 0 0 0 0 24.8125 0 0 0 0 0 0 70.7343 0 0 69.7248 0 0 0 0 0 0 0 0 0 0 0 0 0 0 0 0 0 0 0 0 0 0 0 0 0 0 0 0 74.1535 67.859 65.8747 70.6381 0 0 0 0 0 0 0 0 0 0 0 0 0 0 0 0 0 0 0 0 0 0 0 0 0 51.8606 47.4603 43.6536 45.5842 0 99.9092 100.231 0 0 0 0 46.2984 42.1327 0 44.9824 47.3852 0 0 0 0 86.5793 85.1342 96.7937 0 0 0 
209.694 0 0 0 0 0 0 0 0 0 0 0 0 0 0 1.68196 0 0 0 11.6029 0 0 0 0 0 0 0 0 0 0 0 0 0 0 0 0 0 0 0 0 0 0 0 0 0 0 0 0 0 0 0 0 0 0 0 0 0 0 0 0 0 0 0 0 0 0 0 0 0 0 0 0 0 0 0 0 0 0 0 0 0 0 0 0 0 0 0 0 0 0 0 0 0 0 0 0 0 0 0 0 0 0 0 0 0 0 0 0 0 0 0 0 0 0 0 0 0 0 0 0 0 0 0 0 118.256 0 113.134 0 0 0 0 0 0 
0 0 0 0 0 0 0 0 0 0 0 0 0 0 1.68196 0 7.38846 0 0 0 0 0 0 0 0 0 0 0 0 0 0 0 0 0 0 0 0 0 0 0 0 79.5277 0 0 0 0 0 0 0 0 0 0 0 0 0 0 0 0 0 0 0 0 0 0 0 0 0 0 0 0 0 0 0 0 0 0 0 0 0 0 0 0 0 59.345 64.1926 0 0 66.0364 0 0 0 0 0 0 0 0 0 0 0 0 0 0 0 0 0 0 0 0 0 0 0 0 0 0 0 0 0 0 0 0 0 0 0 0 0 0 0 0 0 0 0 0 0 
0 0 0 0 0 0 0 0 148.862 147.122 155.844 0 0 157.634 0 7.38846 0 5.87761 0 0 0 41.806 0 0 0 0 0 0 0 0 0 0 175.925 0 0 0 0 0 0 0 69.4965 72.1401 0 0 0 69.0102 0 0 0 0 0 0 0 0 0 0 0 0 0 0 0 86.9098 90.673 93.6443 0 0 0 108.422 108.725 109.828 113.403 0 0 0 0 0 0 0 0 0 0 0 0 51.9702 56.9255 0 0 58.6536 233.632 244.885 0 0 245.137 237.36 0 0 0 0 0 0 0 0 0 0 0 0 0 0 0 0 0 0 0 0 0 0 0 0 0 0 0 0 0 0 0 0 0 0 0 0 0 0 0 
210.817 0 0 0 0 0 0 0 143.009 141.355 150.118 0 0 151.776 0 0 5.87761 0 9.2536 0 41.3946 35.9316 0 0 0 109.833 108.91 0 0 0 0 0 170.054 0 0 0 0 0 0 0 66.7764 69.9565 0 0 72.0073 65.8871 0 0 0 0 0 0 0 0 0 0 0 0 0 0 0 81.7914 86.1017 89.1043 0 0 0 103.937 104.263 105.407 109.017 0 0 0 0 0 0 140.179 138.959 0 0 0 0 50.1477 55.8118 0 0 56.6653 229.744 241.073 0 0 240.926 233.297 0 0 0 0 0 0 0 0 0 0 0 0 0 0 0 0 0 0 0 0 0 0 0 0 0 0 0 0 0 0 116.85 113.731 110.031 118.194 121.14 0 0 0 269.642 
201.633 0 0 0 0 0 0 0 0 0 147.575 0 0 0 0 0 0 9.2536 0 5.98281 34.6587 32.4861 0 0 0 102.588 101.763 101.85 102.939 104.849 0 0 0 0 0 0 0 0 0 0 72.3235 76.1753 0 0 76.8908 70.8518 184.934 184.995 0 0 0 0 0 0 167.802 0 0 0 0 177.319 170.638 82.2342 88.0603 91.1183 0 0 0 0 106.371 107.606 111.282 0 0 0 0 0 0 132.593 131.457 133.174 0 0 0 56.9833 63.2802 0 0 63.2396 232.8 244.266 0 0 0 235.993 0 0 0 0 0 0 0 0 0 0 0 0 0 0 0 0 0 0 0 0 0 0 0 0 0 0 0 0 0 0 108.099 105.125 101.849 110.206 113.201 0 0 0 274.012 
199.032 0 0 0 0 0 0 0 0 0 0 0 0 0 11.6029 0 0 0 5.98281 0 36.6219 36.7443 0 0 0 103.415 102.694 102.946 104.253 106.172 0 0 0 0 0 0 0 0 0 0 0 0 0 0 0 0 0 186.54 0 0 0 0 0 0 173.034 0 0 0 0 182.507 175.827 87.5713 0 0 0 0 94.4601 0 0 0 0 0 0 0 0 0 0 132.967 131.931 133.931 143.837 0 0 0 0 0 0 0 238.623 250.109 0 0 0 241.757 0 0 0 0 0 0 0 0 0 0 0 0 0 176.004 174.727 174.665 0 0 0 0 0 0 0 0 0 0 0 0 0 111.741 106.806 104.12 101.531 110.134 113.185 0 0 0 279.975 
176.981 0 0 0 0 0 0 0 107.2 0 0 0 0 115.646 0 0 0 41.3946 34.6587 36.6219 0 15.9505 0 0 9.88839 68.4689 67.5229 67.4456 68.3762 0 0 0 132.988 132.68 0 0 0 0 0 0 0 81.7701 0 0 0 0 150.308 150.338 0 0 0 0 0 0 0 0 0 0 0 0 0 0 0 0 0 0 0 0 0 0 0 0 0 0 0 0 0 0 97.7071 0 0 0 0 68.002 76.2921 0 0 0 0 0 0 0 0 0 0 0 0 0 0 0 0 0 0 0 0 0 0 139.526 138.17 138.058 0 0 0 0 0 0 0 70.5179 72.0488 76.468 0 0 0 75.132 79.4095 75.4571 70.0704 77.6732 0 0 0 0 0 
0 0 0 0 0 0 0 0 107.154 106.052 115.089 0 0 0 0 0 41.806 35.9316 32.4861 36.7443 15.9505 0 7.28158 0 0 0 0 0 0 0 0 0 134.126 0 0 0 0 0 0 0 59.5207 65.82 0 65.3585 60.9016 55.8901 0 0 0 0 0 0 0 0 137.426 146.01 0 0 0 0 0 53.0172 61.9435 0 0 62.9802 59.7869 0 0 0 0 0 0 0 0 0 0 0 0 0 0 0 0 52.5001 60.9015 0 0 56.3383 0 0 0 0 0 0 0 0 0 0 0 106.591 0 0 0 0 0 0 0 0 0 0 0 0 209.685 0 213.997 0 0 0 75.6007 79.8375 0 0 0 0 0 0 0 0 0 0 0 0 251.441 
0 0 0 160.769 160.958 162.604 0 0 100.261 99.574 108.749 0 0 108.971 0 0 0 0 0 0 0 7.28158 0 8.1425 0 71.6934 70.4109 69.7321 69.8125 71.6184 75.607 0 127.099 0 0 0 0 0 0 131.794 62.2566 68.9582 0 67.1731 62.7493 58.1873 150.247 149.712 0 0 0 0 0 163.251 132.997 141.992 0 0 0 142.174 135.534 49.9006 60.211 0 0 59.5993 56.4695 0 0 0 0 0 0 0 0 0 0 102.774 0 0 0 0 0 57.2527 65.7595 0 0 60.5004 0 0 0 0 0 0 0 0 0 0 0 102.99 102.608 0 0 0 0 0 0 0 0 0 0 0 202.429 202.924 206.758 0 0 67.7992 68.3334 72.5795 0 0 0 73.2116 0 0 77.0367 83.532 86.0733 0 0 0 0 
179.396 0 0 152.691 152.901 154.555 0 0 96.1505 96.5898 106.049 0 0 104.728 0 0 0 0 0 0 0 0 8.1425 0 5.35623 63.862 62.6317 62.0614 62.3223 64.1578 68.1836 0 122.466 121.8 0 0 0 0 0 0 69.6334 76.4939 0 74.0389 69.6586 65.3676 143.315 142.951 0 0 0 0 0 156.175 133.524 143.063 0 0 0 142.477 135.891 52.804 64.4099 0 0 62.0199 0 0 0 0 0 0 0 0 0 0 0 94.9164 0 0 0 0 0 65.3216 73.8392 0 0 68.4276 0 0 0 0 0 0 103.904 0 0 0 109.965 104.754 104.507 0 0 0 0 0 0 131.476 0 0 0 0 0 0 0 0 0 61.5747 62.5183 66.8597 0 0 0 66.7169 80.6737 0 68.8943 75.4287 77.9915 0 0 0 0 
174.6 0 0 0 0 151.035 0 0 97.312 98.5456 108.161 0 0 105.762 0 0 0 0 0 0 9.88839 0 0 5.35623 0 61.0347 59.9212 59.5675 60.1437 62.0184 66.0849 0 123.149 122.8 0 0 0 0 0 0 0 0 0 0 0 0 141.723 141.567 0 0 0 0 0 154.389 137.343 147.111 0 0 0 146.181 139.629 57.677 69.5601 0 0 66.7183 63.763 0 0 0 0 0 0 0 0 0 0 91.9522 90.5164 0 0 0 0 0 0 0 0 0 0 0 0 0 219.025 0 108.564 111.924 0 0 114.327 109.128 108.932 0 0 0 0 0 0 130.455 128.973 0 0 0 0 0 0 0 0 61.0359 62.3921 66.796 0 0 0 65.8463 76.034 71.5791 64.8586 71.7508 74.4111 0 0 0 0 
0 93.4089 90.9543 90.3129 90.1945 0 0 0 0 0 0 0 0 0 0 0 0 109.833 102.588 103.415 68.4689 0 71.6934 63.862 61.0347 0 1.96441 0 0 0 0 6.99719 0 0 0 0 0 0 0 0 125.28 132.798 0 126.219 122.474 120.129 0 0 0 0 0 0 0 95.2603 0 0 0 0 0 0 0 88.4918 0 0 0 92.1201 90.7698 112.457 113.171 0 0 0 0 109.032 109.756 110.001 110.397 31.0861 29.5248 30.5917 40.4217 0 0 126.344 0 0 0 128.005 0 0 0 0 0 0 0 0 0 0 0 0 0 0 0 0 0 0 0 0 0 0 0 0 0 0 0 0 0 0 0 0 0 0 0 0 0 0 19.6371 17.5732 18.3407 35.2201 0 0 0 
0 0 0 0 0 0 0 0 0 0 0 0 0 0 0 0 0 108.91 101.763 102.694 67.5229 0 70.4109 62.6317 59.9212 1.96441 0 2.86155 0 0 0 0 0 0 0 0 0 0 0 0 123.572 131.097 0 124.439 120.711 118.408 0 0 0 0 0 0 0 0 0 146.849 0 0 0 0 0 86.5899 0 0 0 90.1769 88.8369 110.503 111.217 0 0 0 0 107.068 107.797 108.044 108.44 0 0 0 0 0 0 124.809 0 0 0 126.408 218.652 0 0 0 0 217.375 123.445 0 0 0 122.953 118.673 0 0 0 0 0 0 0 0 0 0 0 0 0 0 0 0 0 0 31.0514 0 0 0 0 0 0 0 21.3114 19.5333 0 0 0 0 271.707 
0 0 0 0 0 0 0 0 0 0 0 0 0 0 0 0 0 0 101.85 102.946 67.4456 0 69.7321 62.0614 59.5675 0 2.86155 0 4.0141 0 0 0 0 0 0 0 0 0 0 0 121.96 129.499 0 122.639 118.957 116.765 0 0 0 0 0 0 0 0 0 143.991 0 0 0 0 0 84.4163 0 0 0 87.8141 86.5292 108.065 108.78 0 0 0 0 104.514 105.325 105.578 105.979 0 0 0 0 0 0 123.592 0 0 0 125.055 215.806 0 0 0 0 214.519 120.759 0 0 121.281 120.179 115.917 116.647 0 0 0 0 0 0 0 0 0 0 0 0 0 0 0 0 23.2796 0 0 0 0 0 0 0 0 24.164 0 0 0 0 0 268.893 
0 0 0 0 0 0 0 0 59.8998 0 0 0 0 65.4717 0 0 0 0 102.939 104.253 68.3762 0 69.8125 62.3223 60.1437 0 0 4.0141 0 1.92172 0 0 77.3775 80.0333 95.7654 0 0 94.7777 89.6222 79.7772 120.535 128.091 0 120.911 117.306 115.296 0 82.3742 0 0 0 0 0 0 0 0 0 0 0 0 0 82.0797 0 0 0 85.1244 83.9443 105.219 0 0 0 0 0 101.435 102.412 102.678 103.089 0 0 0 0 0 0 122.785 0 0 0 124.038 211.997 0 0 0 0 0 117.394 0 0 117.698 116.598 112.386 113.143 0 0 0 0 0 137.721 72.6535 72.0216 72.805 0 0 0 0 0 0 0 19.4071 0 0 0 20.9011 18.5527 17.0077 0 0 0 0 0 0 0 0 265.192 
0 0 0 0 0 0 0 0 58.9265 0 0 0 0 64.3188 0 0 0 0 104.849 106.172 0 0 71.6184 64.1578 62.0184 0 0 0 1.92172 0 4.0846 0 75.9243 78.6958 94.4416 0 0 0 88.042 78.2374 121.948 129.509 0 122.212 118.638 116.695 80.1303 80.4525 89.7906 0 0 0 0 0 0 0 0 0 0 0 0 83.1272 0 0 0 85.98 84.8603 105.97 0 0 0 0 0 102.032 103.121 103.396 103.813 0 0 0 0 0 0 124.388 0 0 0 125.581 0 0 0 0 0 0 117.76 0 0 117.854 116.757 112.596 113.381 0 0 0 0 0 136.104 70.7547 70.1462 70.9611 79.4759 0 0 0 0 0 0 19.2909 0 0 0 20.0669 17.7748 16.2882 0 0 0 0 0 0 0 0 265.195 
133.267 0 91.3135 0 0 0 0 0 57.4746 68.4191 0 0 0 62.4254 0 0 0 0 0 0 0 0 75.607 68.1836 66.0849 0 0 0 0 4.0846 0 8.07 73.2694 76.3271 92.0892 0 0 90.1852 85.0493 75.3583 125.3 132.867 0 125.363 121.847 120.024 76.0532 76.4043 85.8526 0 0 0 0 88.4063 0 0 0 0 0 0 0 85.8376 0 0 0 88.3263 87.3225 108.097 0 0 0 0 0 103.859 105.169 105.46 105.888 30.0609 27.9247 26.5514 35.1109 0 0 128.062 0 0 0 129.156 0 0 0 0 0 0 119.11 0 0 0 0 0 0 0 0 0 0 0 132.994 66.8361 66.3152 67.2354 0 0 0 0 0 0 0 20.1534 0 0 23.3501 19.3197 17.2385 15.9516 0 0 0 0 25.1508 40.7941 0 0 0 
125.74 88.2979 85.813 85.0884 84.8143 86.2765 90.9601 0 0 76.3306 0 0 0 69.6204 0 0 0 0 0 0 0 0 0 0 0 6.99719 0 0 0 0 8.07 0 79.4567 82.9304 0 0 0 0 90.5714 81.1418 0 0 0 0 0 0 76.6136 77.5611 88.0423 0 0 0 0 0 0 0 0 0 0 0 0 0 0 0 0 0 0 0 0 0 0 0 0 0 0 0 0 25.068 23.2848 23.7675 0 0 0 0 0 0 0 0 0 0 0 0 0 0 0 0 0 0 0 0 0 129.955 0 0 0 0 138.15 69.2703 69.2751 70.6946 79.5066 0 136.524 137.155 0 0 141.67 0 0 0 31.3492 27.3445 25.2986 24.0216 0 0 22.7503 17.5808 17.0847 32.983 0 0 0 
179.349 0 119.954 118.388 116.168 116.279 119.665 0 27.8926 0 0 25.6245 20.2929 19.1164 0 0 175.925 170.054 0 0 132.988 134.126 127.099 122.466 123.149 0 0 0 77.3775 75.9243 73.2694 79.4567 0 7.36073 0 0 0 0 0 6.06631 0 0 0 0 0 0 0 0 49.21 53.9193 0 0 0 0 85.2226 0 0 0 0 0 83.7185 0 0 0 0 0 0 0 0 0 0 0 0 0 0 0 0 0 0 71.9527 67.2961 70.8141 0 0 0 0 0 0 0 0 0 0 0 0 0 0 0 0 0 0 0 0 0 0 0 0 0 0 36.4752 31.8674 30.5342 0 0 0 0 0 0 0 61.8172 57.4153 55.2065 58.4312 60.7304 62.3138 0 0 102.088 95.1223 93.1586 102.289 0 0 0 
185.946 0 126.953 125.4 123.216 123.363 126.799 0 0 0 0 18.9819 14.0938 17.0746 0 0 0 0 0 0 132.68 0 0 121.8 122.8 0 0 0 80.0333 78.6958 76.3271 82.9304 7.36073 0 15.7625 0 0 0 0 0 0 0 0 0 0 0 0 0 0 0 0 0 0 0 77.8969 0 0 0 79.3438 78.6059 76.3691 0 0 0 0 0 0 0 0 0 0 0 0 0 0 0 0 0 83.7072 77.1605 73.1242 76.935 0 0 0 0 0 0 159.362 0 0 167.992 154.192 154.894 0 0 0 88.5688 0 87.0147 88.6934 0 0 0 0 0 0 48.5253 43.8242 39.2259 0 0 0 0 0 0 0 0 62.6479 58.3501 56.7746 60.2829 62.6488 64.2622 0 0 105.669 99.1254 97.3267 107.264 0 0 215.523 
0 0 0 0 0 0 0 0 0 0 0 25.1832 23.3022 31.5659 0 0 0 0 0 0 0 0 0 0 0 0 0 0 95.7654 94.4416 92.0892 0 0 15.7625 0 2.42353 0 0 0 0 0 0 0 0 0 0 0 0 0 0 0 0 0 0 73.5528 0 0 81.8172 72.9817 72.3313 71.3738 0 0 0 111.555 0 0 0 0 0 0 107.565 103.135 101.004 106.82 107.372 0 0 0 0 0 0 0 0 0 0 0 0 150.899 0 0 157.735 144.023 145.673 0 0 0 89.3398 88.8175 88.8785 90.6384 39.3753 42.3718 0 0 0 49.9591 0 0 0 0 0 0 81.5539 82.6767 0 0 0 77.8133 73.5923 72.2864 75.8726 78.2514 79.8695 0 0 0 0 0 0 0 0 0 
0 0 0 0 0 0 0 0 0 0 0 0 0 0 0 0 0 0 0 0 0 0 0 0 0 0 0 0 0 0 0 0 0 0 2.42353 0 8.79512 0 0 0 0 0 0 0 0 0 0 0 0 0 0 0 0 0 75.8573 0 0 83.9745 75.16 74.5171 73.6455 0 0 0 0 0 0 0 0 0 0 0 0 0 0 0 0 0 0 0 0 0 0 0 0 0 0 0 152.812 0 0 159.409 145.718 147.497 0 0 0 91.7633 0 0 0 37.5627 41.3133 0 0 0 48.081 0 0 0 0 0 79.0241 79.1337 80.2718 0 0 0 0 0 0 0 0 0 0 0 0 0 0 0 0 0 0 
0 0 0 0 0 0 0 0 0 0 0 0 0 0 0 0 0 0 0 0 0 0 0 0 0 0 0 0 0 0 0 0 0 0 0 8.79512 0 9.25597 0 0 0 0 0 0 0 0 0 0 0 54.3478 0 0 0 0 84.5638 0 0 92.3974 83.6329 83.0061 82.2988 0 0 0 0 0 0 0 0 0 0 0 0 0 0 0 0 0 0 0 0 0 0 0 0 0 0 0 160.602 0 0 166.533 152.91 155.049 0 0 0 0 0 0 0 32.8813 39.9143 0 0 0 42.863 0 0 0 0 0 70.432 70.5616 71.876 0 0 0 0 0 0 0 0 0 0 0 0 0 0 0 0 0 0 
0 0 0 0 0 0 0 0 0 0 0 0 0 0 0 0 0 0 0 0 0 0 0 0 0 0 0 0 94.7777 0 90.1852 0 0 0 0 0 9.25597 0 5.16705 0 0 0 0 0 0 0 0 0 42.3323 45.1026 0 0 0 0 0 0 0 0 0 0 0 0 0 0 0 0 0 0 0 0 0 0 0 0 0 0 0 0 0 84.6081 78.1491 80.4371 85.4167 0 0 0 0 0 169.858 0 0 175.7 162.095 164.291 0 0 0 0 0 0 0 34.3133 44.4778 0 0 0 43.068 0 0 34.004 27.545 39.9386 63.614 63.8158 65.6853 0 0 0 0 0 0 0 0 0 0 0 117.854 110.178 107.907 0 0 0 0 
181.697 0 0 0 0 0 0 0 0 0 0 0 0 0 0 0 0 0 0 0 0 0 0 0 0 0 0 0 89.6222 88.042 85.0493 90.5714 0 0 0 0 0 5.16705 0 10.2794 0 0 0 0 0 0 0 0 41.4381 44.8629 0 0 0 0 0 0 0 0 0 0 0 0 0 0 0 0 0 0 0 0 0 0 0 0 0 0 0 0 0 79.8851 73.6621 76.1495 81.1451 0 0 0 0 0 0 0 0 0 0 0 0 0 0 0 0 0 0 0 0 0 0 0 48.2334 0 0 30.5752 25.0963 38.1754 66.8052 67.0536 69.2483 0 0 0 75.9035 0 68.8066 71.7444 73.9535 0 0 0 112.815 105.203 102.963 0 0 0 0 
177.04 0 116.893 115.3 112.991 113.012 116.254 0 33.4453 0 0 0 0 24.8125 0 0 0 0 0 0 0 0 131.794 0 0 0 0 0 79.7772 78.2374 75.3583 81.1418 6.06631 0 0 0 0 0 10.2794 0 0 0 0 0 0 0 0 0 43.6122 48.1349 0 0 0 0 0 0 0 0 0 0 0 0 0 0 0 0 0 0 0 0 0 0 0 0 0 0 0 0 0 71.8787 66.4487 69.5168 0 0 0 0 0 0 0 0 0 0 0 0 0 0 0 0 0 0 0 0 0 0 0 0 0 0 32.3398 27.6137 25.1683 0 75.1433 75.4536 78.0673 0 0 0 65.6297 61.1956 58.5869 61.5817 63.8128 0 0 0 103.576 96.2349 94.1155 102.349 0 0 0 
0 0 0 0 0 0 0 0 0 0 0 0 0 0 0 0 69.4965 66.7764 72.3235 0 0 59.5207 62.2566 69.6334 0 125.28 123.572 121.96 120.535 121.948 125.3 0 0 0 0 0 0 0 0 0 0 7.57124 0 0 0 5.40219 0 0 0 0 0 0 0 0 0 0 0 0 0 0 0 0 0 0 0 0 0 0 0 0 0 0 0 0 0 0 0 0 0 151.621 0 0 0 19.69 0 16.8343 16.302 13.5103 0 0 0 0 0 0 0 0 0 0 0 0 0 0 0 0 0 0 0 0 0 0 0 0 0 0 0 0 0 110.056 107.953 110.857 0 0 0 116.426 149.288 144.282 135.501 140.286 142.292 0 0 0 0 
255.376 0 0 0 0 0 0 0 0 0 0 0 0 0 0 79.5277 72.1401 69.9565 76.1753 0 81.7701 65.82 68.9582 76.4939 0 132.798 131.097 129.499 128.091 129.509 132.867 0 0 0 0 0 0 0 0 0 7.57124 0 9.55464 0 0 0 0 0 0 0 0 0 0 0 0 0 0 0 0 0 0 0 0 0 0 0 0 0 0 0 0 0 0 0 0 0 0 0 0 159.192 0 0 0 0 18.9743 0 14.1769 13.5927 166.504 177.143 0 0 0 0 0 0 0 0 0 0 0 0 0 0 0 0 0 0 0 0 0 0 0 0 0 0 0 0 0 0 0 0 0 0 156.461 151.504 142.848 0 149.755 0 0 0 201.794 
0 0 0 0 0 0 0 0 0 0 0 0 0 0 0 0 0 0 0 0 0 0 0 0 0 0 0 0 0 0 0 0 0 0 0 0 0 0 0 0 0 9.55464 0 7.55662 0 0 196.119 0 0 0 0 0 0 210.072 0 114.827 0 0 0 0 0 49.9098 38.495 39.2248 44.4207 0 0 47.2698 0 47.0913 49.1599 53.2133 0 0 50.5249 49.9758 49.4997 0 0 0 0 0 0 0 28.5106 0 0 0 156.955 167.611 0 0 170.914 161.956 69.5049 70.9111 0 0 0 78.1962 76.6894 193.956 190.669 193.165 0 0 0 0 0 0 0 0 0 0 0 0 0 0 0 0 0 0 0 0 0 0 0 0 0 0 0 0 192.61 
0 0 0 0 0 0 0 0 0 0 0 0 0 0 0 0 0 0 0 0 0 65.3585 67.1731 74.0389 0 126.219 124.439 122.639 120.911 122.212 125.363 0 0 0 0 0 0 0 0 0 0 0 7.55662 0 4.45723 0 188.597 0 0 0 0 0 0 202.547 0 111.097 0 0 0 0 0 42.4037 31.4235 32.4021 37.8737 0 0 41.7341 41.5958 41.8285 44.2621 0 0 0 44.7679 44.231 43.7856 0 0 151.361 158.216 0 0 0 0 0 0 0 156.361 167.262 0 0 169.569 160.942 65.319 67.0175 0 0 0 73.4521 0 0 184.494 187 0 0 0 0 0 0 0 0 0 0 0 0 0 109.049 106.547 109.133 0 0 0 0 152.228 0 137.677 141.865 143.692 0 0 0 193.866 
0 0 0 0 0 0 0 0 0 0 0 0 0 0 0 0 0 72.0073 76.8908 0 0 60.9016 62.7493 69.6586 0 122.474 120.711 118.957 117.306 118.638 121.847 0 0 0 0 0 0 0 0 0 0 0 0 4.45723 0 6.13343 185.954 183.677 0 0 0 0 0 199.886 0 0 0 0 0 0 0 39.9918 30.2234 31.5958 37.3723 0 0 42.2642 42.2005 42.5977 45.3022 0 0 51.5149 0 0 44.1269 0 0 147.95 154.95 0 0 0 0 0 0 0 159.509 170.503 0 0 172.378 163.906 66.7262 68.6121 0 0 0 0 0 0 0 0 0 0 0 169.611 166.369 164.078 0 0 0 0 0 0 0 105.837 103.462 106.158 0 0 0 0 148.078 0 133.663 137.979 139.847 0 0 0 197.667 
0 0 0 0 0 0 0 0 0 0 0 0 0 0 0 0 69.0102 65.8871 70.8518 0 0 55.8901 58.1873 65.3676 0 120.129 118.408 116.765 115.296 116.695 120.024 0 0 0 0 0 0 0 0 0 5.40219 0 0 0 6.13343 0 185.728 183.628 0 0 0 0 0 199.619 0 0 0 0 0 0 0 40.7399 32.9403 34.7516 40.7608 0 0 46.6359 46.6408 47.1807 50.0948 0 0 0 49.1756 48.6774 48.3029 0 0 146.316 153.603 0 0 21.7863 0 0 20.1908 16.5885 165.519 0 0 0 178.234 169.839 71.7199 73.7479 0 0 0 0 0 0 0 0 0 0 0 169.726 166.611 164.476 169.428 0 0 0 0 0 0 104.681 102.56 105.457 0 0 0 111.053 144.6 139.537 130.606 135.26 137.231 0 0 0 0 
129.461 0 66.6315 64.9391 62.2191 61.7374 64.1364 0 75.798 0 0 0 0 70.7343 0 0 0 0 184.934 0 150.308 0 150.247 143.315 141.723 0 0 0 0 80.1303 76.0532 76.6136 0 0 0 0 0 0 0 0 0 0 196.119 188.597 185.954 185.728 0 5.7338 0 0 0 0 0 13.9761 0 0 0 0 0 0 0 146.214 0 0 155.839 144.309 144.748 159.311 0 0 0 159.955 154.719 151.674 155.668 156.135 156.668 0 0 54.555 44.3975 41.9061 45.2564 0 0 0 0 197.786 0 0 0 0 0 0 0 0 0 0 0 0 0 0 0 0 0 0 0 18.9452 0 0 0 18.5592 0 0 0 0 0 0 0 80.7918 75.6764 75.7584 76.6826 77.4401 0 0 0 0 0 78.4073 83.6496 91.1073 0 
135.061 0 72.2949 70.6048 67.9006 67.4398 69.8647 0 0 0 0 0 0 0 0 0 0 0 184.995 186.54 150.338 0 149.712 142.951 141.567 0 0 0 82.3742 80.4525 76.4043 77.5611 0 0 0 0 0 0 0 0 0 0 0 0 183.677 183.628 5.7338 0 14.6328 0 0 0 0 0 0 0 0 0 0 0 0 143.815 0 0 152.908 141.558 142.109 156.081 0 0 0 156.476 151.266 148.266 152.413 152.89 153.425 0 0 0 46.3418 44.5312 48.2735 196.431 0 0 200.572 196.003 0 0 0 0 0 0 0 0 0 0 0 0 0 77.139 91.8244 0 0 0 80.6603 14.7683 0 0 0 12.8257 0 0 0 0 0 0 0 79.2645 74.2668 74.6517 75.7387 76.6001 0 0 0 0 0 81.5855 86.9471 94.4702 0 
0 0 0 0 0 0 0 0 0 0 0 74.81 69.3669 0 0 0 0 0 0 0 0 0 0 0 0 0 0 0 0 89.7906 85.8526 88.0423 49.21 0 0 0 0 42.3323 41.4381 43.6122 0 0 0 0 0 0 0 14.6328 0 6.34272 0 0 0 0 0 0 0 0 0 0 0 0 0 0 0 0 0 0 0 0 0 0 0 0 0 0 0 0 0 68.3801 58.7744 57.7728 61.8603 0 0 0 0 0 0 0 0 217.978 204.396 0 0 0 0 0 0 0 0 63.3652 78.467 0 0 0 66.3237 0 0 0 18.8479 7.5895 48.5773 49.2327 54.3126 0 53.651 0 0 0 0 0 0 0 0 0 106.409 97.1897 0 0 0 0 0 
0 0 0 0 0 0 0 0 0 0 0 0 74.1898 69.7248 0 0 0 0 0 0 0 0 0 0 0 0 0 0 0 0 0 0 53.9193 0 0 0 54.3478 45.1026 44.8629 48.1349 0 0 0 0 0 0 0 0 6.34272 0 4.05135 0 0 0 0 0 0 0 0 0 0 0 0 0 0 0 0 0 0 0 0 0 0 0 0 0 0 0 0 0 0 0 0 0 0 0 0 0 214.909 0 0 220.173 206.668 209.201 0 0 0 0 0 0 0 62.7696 78.2907 0 0 0 64.7155 0 0 0 24.1433 0 42.8383 43.5183 48.7704 0 47.7923 0 0 0 0 0 0 0 0 0 0 0 0 0 0 0 0 
0 0 0 0 0 0 0 0 0 0 0 0 0 0 0 0 0 0 0 0 0 0 0 0 0 0 0 0 0 0 0 0 0 0 0 0 0 0 0 0 0 0 0 0 0 0 0 0 0 4.05135 0 11.0799 0 0 0 0 0 0 0 0 0 0 0 0 0 0 0 0 0 0 0 0 0 0 0 0 0 0 0 0 0 0 0 0 0 0 0 0 0 0 0 224.224 0 0 0 0 0 0 0 0 0 66.4986 82.0981 0 0 0 68.1416 0 0 0 0 0 43.4309 44.1443 49.6105 0 48.1557 0 0 0 0 0 0 0 0 0 0 0 0 0 0 0 0 
0 0 0 0 71.0286 70.0634 71.3448 0 0 0 0 0 0 0 0 0 0 0 0 0 0 0 0 0 0 0 0 0 0 0 0 0 0 0 0 0 0 0 0 0 0 0 0 0 0 0 0 0 0 0 11.0799 0 10.3179 0 0 0 0 0 0 0 0 0 0 0 0 0 0 0 0 0 0 0 0 0 0 0 0 0 0 0 0 0 0 0 0 0 0 0 0 0 0 0 0 0 0 0 0 0 0 0 0 77.0494 92.7819 0 0 0 78.0824 0 0 0 0 0 47.3825 48.1519 53.9702 0 51.3777 0 0 0 0 0 0 0 0 0 0 0 0 0 0 0 0 
0 0 0 63.6541 60.7108 59.7504 61.078 0 0 0 0 0 0 0 0 0 0 0 0 0 0 0 0 0 0 0 0 0 0 0 0 0 0 0 0 0 0 0 0 0 0 0 0 0 0 0 0 0 0 0 0 10.3179 0 2.62922 0 0 0 0 0 0 0 0 0 0 0 0 0 0 0 0 0 0 0 0 0 0 0 0 0 0 0 0 0 0 0 0 0 0 0 0 0 0 0 0 0 0 0 0 0 0 0 0 0 0 0 0 0 0 0 0 0 0 57.0694 57.8479 63.7214 0 60.7813 0 0 0 0 0 0 0 0 0 0 0 0 0 0 0 0 
0 0 0 61.6536 58.7267 57.8194 59.2866 0 0 0 0 0 0 0 0 0 0 0 0 0 0 0 163.251 156.175 154.389 95.2603 0 0 0 0 88.4063 0 0 0 0 0 0 0 0 0 0 0 210.072 202.547 199.886 199.619 13.9761 0 0 0 0 0 2.62922 0 0 0 0 0 0 0 0 160.171 0 0 0 0 158.724 0 0 0 0 0 0 0 0 0 0 0 0 0 55.134 51.5857 54.0471 0 0 0 216.138 211.564 0 0 0 0 0 0 0 0 0 0 0 0 0 0 0 0 0 0 0 0 0 0 0 0 0 0 0 0 0 0 0 94.5291 89.37 89.2967 90.122 90.8108 0 0 0 0 0 86.0874 0 98.1715 0 
0 0 0 0 0 0 0 0 0 61.0699 54.419 61.0626 66.7 0 0 0 0 0 167.802 173.034 0 137.426 132.997 133.524 137.343 0 0 0 0 0 0 0 85.2226 77.8969 73.5528 75.8573 84.5638 0 0 0 0 0 0 0 0 0 0 0 0 0 0 0 0 0 0 13.0916 0 0 0 0 3.73186 85.6414 0 80.3823 74.3371 75.5807 78.7737 0 0 0 0 0 58.2334 58.5645 0 0 0 0 146.853 141.175 0 0 0 0 0 0 0 0 0 0 0 0 0 0 0 41.8205 34.5394 29.9222 30.3434 34.5017 0 99.833 90.4772 92.62 0 0 0 126.065 121.39 116.921 0 0 152.476 152.448 152.441 154.473 0 0 103.296 101.347 104.127 0 0 0 0 0 155.548 0 0 167.005 0 0 0 
0 0 0 0 0 0 0 0 0 74.1391 0 0 0 0 0 0 0 0 0 0 0 146.01 141.992 143.063 147.111 0 146.849 143.991 0 0 0 0 0 0 0 0 0 0 0 0 0 0 114.827 111.097 0 0 0 0 0 0 0 0 0 0 13.0916 0 6.86465 0 0 0 0 0 0 0 0 83.3046 0 0 0 0 0 0 0 0 0 0 0 0 159.866 154.217 0 0 0 0 0 0 0 0 72.4184 0 0 0 73.8157 70.536 0 44.0835 37.5835 34.3216 35.0959 40.0809 0 0 0 0 0 0 0 0 0 0 0 0 0 0 0 0 0 0 115.807 113.992 116.901 0 0 0 0 180.281 167.984 0 0 0 0 0 127.468 
0 0 0 0 0 0 0 0 0 0 0 0 0 0 0 0 0 0 0 0 0 0 0 0 0 0 0 0 0 0 0 0 0 0 0 0 0 0 0 0 0 0 0 0 0 0 0 0 0 0 0 0 0 0 0 6.86465 0 1.71504 0 0 0 0 0 0 0 0 0 0 0 0 0 0 0 0 0 0 0 0 0 0 0 0 0 0 0 0 0 0 70.6038 0 0 0 70.1389 67.8155 0 0 0 0 0 0 0 104.953 93.6701 95.556 99.8946 0 0 0 0 0 0 0 159.436 159.337 158.783 160.767 0 0 0 0 0 0 0 0 0 0 0 0 0 0 0 0 126.31 
0 0 0 0 0 0 0 0 0 0 0 0 0 0 0 0 0 0 0 0 0 0 0 0 0 0 0 0 0 0 0 0 0 0 81.8172 83.9745 92.3974 0 0 0 0 0 0 0 0 0 0 0 0 0 0 0 0 0 0 0 1.71504 0 8.9552 0 0 0 0 0 0 0 0 0 0 0 0 0 0 0 0 0 0 0 0 0 0 0 0 0 0 0 0 0 72.0928 0 0 0 71.3091 69.1723 0 0 0 0 0 0 0 103.288 92.0642 93.9613 98.3027 0 0 0 0 0 0 0 157.739 157.64 157.097 159.082 0 0 0 0 0 0 0 0 0 0 0 0 0 0 0 0 127.859 
0 0 0 0 0 0 205.031 0 0 66.4144 58.6898 63.9468 69.4367 0 0 0 0 0 0 0 0 0 0 0 0 0 0 0 0 0 0 0 0 79.3438 72.9817 75.16 83.6329 0 0 0 0 0 0 0 0 0 0 0 0 0 0 0 0 0 0 0 0 8.9552 0 0.835039 0 0 0 0 0 0 0 0 0 0 0 0 0 0 0 0 0 0 0 0 0 0 0 0 0 0 0 0 80.8145 0 0 0 79.1231 77.5607 0 0 0 0 0 0 0 95.5991 85.0081 0 91.3656 0 0 127.86 123.16 0 0 0 149.586 149.507 149.114 151.114 0 0 0 0 0 0 0 0 0 0 0 0 0 173.094 0 0 0 
0 0 0 0 0 0 204.248 0 0 65.582 57.8688 63.157 68.6526 0 0 0 0 0 177.319 182.507 0 0 142.174 142.477 146.181 0 0 0 0 0 0 0 0 78.6059 72.3313 74.5171 83.0061 0 0 0 0 0 0 0 0 0 0 0 0 0 0 0 0 0 0 0 0 0 0.835039 0 6.68057 0 0 0 0 0 0 0 0 0 0 0 0 0 0 0 0 0 0 0 0 0 0 0 0 0 0 0 0 0 0 0 0 0 0 0 0 0 0 0 0 95.1956 84.7059 86.7186 0 0 0 127.118 122.419 0 0 0 149.095 149.02 148.654 150.656 0 0 109.594 107.36 109.793 0 0 0 0 0 0 0 158.089 172.259 0 0 0 
0 0 0 0 0 0 0 0 0 61.0098 53.8835 60.0059 65.6039 0 0 0 0 0 170.638 175.827 0 0 135.534 135.891 139.629 0 0 0 0 0 0 0 83.7185 76.3691 71.3738 73.6455 82.2988 0 0 0 0 0 0 0 0 0 0 0 0 0 0 0 0 0 3.73186 0 0 0 0 6.68057 0 88.5607 0 83.6881 77.6225 78.5313 81.7108 0 0 0 0 0 61.6476 61.8896 0 0 0 0 146.914 0 0 0 0 0 0 0 0 0 0 0 0 0 0 0 0 0 0 33.5478 33.9383 37.9856 0 96.7386 87.1248 89.2428 0 0 0 124.713 120.026 115.511 0 0 149.732 149.691 149.588 151.612 0 0 104.124 102.034 104.65 0 0 0 0 0 156.402 0 0 167.367 0 0 0 
0 0 0 0 0 0 0 0 77.2528 69.4507 75.911 0 0 0 0 0 86.9098 81.7914 82.2342 87.5713 0 53.0172 49.9006 52.804 57.677 88.4918 86.5899 84.4163 82.0797 83.1272 85.8376 0 0 0 0 0 0 0 0 0 0 0 49.9098 42.4037 39.9918 40.7399 146.214 143.815 0 0 0 0 0 160.171 85.6414 0 0 0 0 0 88.5607 0 14.8555 0 0 0 6.88942 0 0 0 0 0 0 0 0 0 0 115.798 113.568 110.985 0 0 0 58.0497 0 0 59.7714 55.4361 0 0 0 0 0 0 0 0 0 0 0 0 0 0 0 151.23 0 0 0 129.674 126.394 124.086 128.815 0 0 0 0 0 0 68.0443 65.0706 67.3083 72.622 0 0 0 119.237 113.589 102.819 105.318 106.669 0 0 0 0 
0 0 0 0 0 0 0 0 0 0 0 0 0 0 0 0 90.673 86.1017 88.0603 0 0 61.9435 60.211 64.4099 69.5601 0 0 0 0 0 0 0 0 0 0 0 0 0 0 0 0 0 38.495 31.4235 30.2234 32.9403 0 0 0 0 0 0 0 0 0 0 0 0 0 0 0 14.8555 0 3.08228 0 0 0 0 0 0 0 0 0 0 0 0 0 0 0 0 0 0 0 53.3805 0 0 53.1017 49.2556 145.317 156.965 0 0 0 0 0 0 0 0 0 0 0 0 0 0 0 0 0 0 0 0 0 0 0 0 0 0 0 0 0 0 0 0 0 0 133.896 128.281 117.606 120.172 0 0 0 0 189.69 
0 0 0 0 0 0 0 0 0 0 0 0 0 0 0 0 93.6443 89.1043 91.1183 0 0 0 0 0 0 0 0 0 0 0 0 0 0 0 0 0 0 0 0 0 0 0 39.2248 32.4021 31.5958 34.7516 0 0 0 0 0 0 0 0 80.3823 0 0 0 0 0 83.6881 0 3.08228 0 6.12461 0 0 14.8756 15.2562 16.5364 20.2492 0 0 21.824 15.9562 15.584 15.3938 0 0 0 0 0 0 55.572 0 0 0 51.2156 142.235 153.885 0 0 0 0 0 0 0 0 0 0 0 0 0 0 0 0 0 0 0 0 0 0 0 0 0 0 0 0 0 0 0 0 0 0 0 0 0 0 0 0 0 0 186.687 
0 0 0 0 0 0 0 0 82.9333 72.3259 76.6935 0 0 0 0 0 0 0 0 0 0 0 0 0 0 0 0 0 0 0 0 0 0 0 111.555 0 0 0 0 0 0 0 44.4207 37.8737 37.3723 40.7608 155.839 152.908 0 0 0 0 0 0 74.3371 0 0 0 0 0 77.6225 0 0 6.12461 0 12.6393 0 10.1901 10.7433 12.2601 0 0 0 15.8296 10.3263 10.0429 9.96867 130.538 128.227 0 0 0 0 61.6851 0 0 0 57.268 0 0 0 0 0 0 0 0 0 0 0 0 0 149.587 146.694 0 0 0 0 138.376 134.71 131.894 135.598 0 0 0 0 0 0 82.0815 78.5066 80.0375 0 0 0 0 0 0 0 0 0 0 0 0 0 
0 0 0 0 0 0 0 0 72.7542 63.4357 68.9916 0 0 0 0 0 0 0 0 0 0 62.9802 59.5993 62.0199 66.7183 92.1201 90.1769 87.8141 85.1244 85.98 88.3263 0 0 0 0 0 0 0 0 0 0 0 0 0 0 0 144.309 141.558 0 0 0 0 0 0 75.5807 83.3046 0 0 0 0 78.5313 0 0 0 12.6393 0 3.21983 20.83 21.5258 0 0 0 0 21.1218 18.9005 18.9749 19.241 117.905 115.597 0 0 0 0 0 0 0 0 0 0 0 0 0 0 0 0 45.2212 0 0 0 43.6226 43.1245 142.632 140.933 143.465 0 0 153.337 127.145 123.617 120.991 125.121 0 0 0 0 0 0 69.4688 65.945 67.5762 72.7965 0 0 0 124.608 118.853 107.647 109.351 110.447 0 0 0 0 
0 0 0 0 0 0 0 0 73.9801 65.1632 71.0412 0 0 0 0 0 0 0 0 94.4601 0 59.7869 56.4695 0 63.763 90.7698 88.8369 86.5292 83.9443 84.8603 87.3225 0 0 0 0 0 0 0 0 0 0 0 0 0 0 0 144.748 142.109 0 0 0 0 0 158.724 78.7737 0 0 0 0 0 81.7108 6.88942 0 0 0 3.21983 0 0 0 0 0 0 0 0 0 0 0 117.05 114.765 0 0 0 0 0 0 0 0 0 0 0 0 0 0 0 0 0 0 0 0 0 0 144.752 143.31 145.845 0 0 155.453 127.776 124.326 121.802 126.131 0 0 0 0 0 0 68.7631 65.4037 67.2309 72.4927 0 0 0 0 117.027 105.945 107.894 109.069 125.982 0 0 0 
0 0 0 0 0 0 0 0 84.902 0 0 0 0 0 0 0 108.422 103.937 0 0 0 0 0 0 0 112.457 110.503 108.065 105.219 105.97 108.097 0 0 0 0 0 0 0 0 0 0 0 47.2698 41.7341 42.2642 46.6359 159.311 156.081 0 0 0 0 0 0 0 0 0 0 0 0 0 0 0 14.8756 10.1901 20.83 0 0 0.71478 0 0 0 0 0 0 0 2.67994 0 0 0 136.194 142.304 0 68.2375 0 0 0 0 0 0 0 0 0 0 0 0 0 0 0 0 0 0 0 0 0 0 0 141.408 137.543 134.455 0 0 0 0 0 0 0 88.715 84.839 85.9503 90.9992 0 0 0 145.401 0 128.35 129.808 0 0 0 0 0 
0 0 0 0 0 0 0 0 0 0 0 0 0 0 0 0 108.725 104.263 106.371 0 0 0 0 0 0 113.171 111.217 108.78 0 0 0 0 0 0 0 0 0 0 0 0 0 0 0 41.5958 42.2005 46.6408 0 0 0 0 0 0 0 0 0 0 0 0 0 0 0 0 0 15.2562 10.7433 21.5258 0 0.71478 0 1.60238 0 0 0 0 0 0 0 0 0 0 0 0 0 68.2765 0 0 0 0 0 0 0 0 0 0 0 0 0 0 0 0 0 0 0 0 0 0 0 0 0 0 0 0 0 0 0 0 0 0 0 0 0 0 0 0 146.104 140.337 129.059 130.521 0 0 0 0 0 
0 0 0 0 0 0 0 0 0 0 0 0 0 0 0 0 109.828 105.407 107.606 0 0 0 0 0 0 0 0 0 0 0 0 0 0 0 0 0 0 0 0 0 0 0 47.0913 41.8285 42.5977 47.1807 0 0 0 0 0 0 0 0 0 0 0 0 0 0 0 0 0 16.5364 12.2601 0 0 0 1.60238 0 3.72877 0 0 0 0 0 0 0 0 0 0 0 0 68.8764 0 0 0 0 0 0 0 0 0 0 0 0 0 0 0 0 0 0 0 0 0 0 0 0 0 0 0 0 0 0 0 0 0 0 0 0 0 0 0 0 0 0 0 0 0 0 0 0 170.804 
0 0 0 0 0 0 0 0 0 0 0 0 0 0 0 0 113.403 109.017 111.282 0 0 0 0 0 0 0 0 0 0 0 0 0 0 0 0 0 0 0 0 0 0 0 49.1599 44.2621 45.3022 50.0948 0 0 0 0 0 0 0 0 0 0 0 0 0 0 0 0 0 20.2492 0 0 0 0 0 3.72877 0 4.06999 0 0 0 0 0 0 0 0 0 0 0 71.8515 0 0 0 0 122.004 133.676 0 0 132.026 124.787 21.761 24.1413 0 0 0 0 27.7806 0 0 0 0 0 0 0 0 0 0 0 0 0 0 0 0 0 0 0 0 0 0 0 0 0 0 0 0 0 0 0 167.146 
0 0 0 0 0 0 0 0 84.6925 71.8621 73.8534 0 0 0 0 0 0 0 0 0 0 0 0 0 0 0 0 0 0 0 0 0 0 0 107.565 0 0 0 0 0 0 0 53.2133 0 0 0 159.955 156.476 0 0 0 0 0 0 0 0 0 0 0 0 0 0 0 0 0 0 0 0 0 0 4.06999 0 5.29549 0 0 0 0 0 0 0 0 0 0 0 0 0 0 0 119.261 130.996 0 0 128.863 121.812 17.9759 20.5559 0 0 0 25.1233 23.7236 143.801 139.066 141.517 0 0 0 141.731 137.711 134.404 0 0 0 0 0 0 0 0 0 0 0 0 0 0 0 0 0 0 0 0 0 0 165.172 
0 0 0 0 0 0 0 0 79.5403 66.8698 0 0 0 0 0 0 0 0 0 0 0 0 0 0 0 0 0 0 0 0 0 0 0 0 103.135 0 0 0 0 0 0 0 0 0 0 0 154.719 151.266 0 0 0 0 0 0 58.2334 0 0 0 0 0 61.6476 0 0 0 0 0 0 0 0 0 0 5.29549 0 3.35724 0 0 0 0 0 0 133.732 0 0 0 0 0 0 0 121.649 133.469 0 0 0 123.811 18.8424 21.942 0 0 0 0 22.6816 139.758 135.424 137.892 0 0 0 136.527 132.526 129.248 0 0 0 0 0 0 0 87.415 83.2547 83.9227 88.7837 0 0 0 0 0 0 0 0 0 0 0 168.55 
0 0 0 0 0 0 0 0 76.6402 64.1867 66.7967 0 0 0 0 0 0 0 0 0 0 0 0 0 0 109.032 107.068 104.514 101.435 102.032 103.859 0 0 0 101.004 0 0 0 0 0 0 0 0 0 51.5149 0 151.674 148.266 0 0 0 0 0 0 58.5645 0 0 0 0 0 61.8896 0 0 21.824 15.8296 21.1218 0 0 0 0 0 0 3.35724 0 6.46324 0 0 0 0 0 130.417 136.493 0 76.945 0 0 0 72.1677 123.995 135.851 0 0 0 0 20.8762 24.1466 0 0 0 24.4793 23.5536 137.947 133.943 136.424 0 0 0 133.537 129.565 126.331 0 0 0 0 0 0 0 84.0578 79.8995 80.5786 85.4483 0 0 0 143.212 137.375 125.775 126.545 0 0 0 0 171.349 
0 0 0 0 0 0 0 0 81.1794 69.2541 0 0 0 0 0 0 0 0 0 0 0 0 0 0 0 109.756 107.797 105.325 102.412 103.121 105.169 0 0 0 106.82 0 0 0 0 0 0 0 50.5249 44.7679 0 49.1756 155.668 152.413 0 0 0 0 0 0 0 0 0 0 0 0 0 0 0 15.9562 10.3263 18.9005 0 0 0 0 0 0 0 6.46324 0 0.556198 0 0 0 0 132.899 139.003 0 70.6126 0 0 0 0 0 0 0 0 0 0 0 0 0 0 0 0 0 144.036 140.236 0 0 0 0 137.731 133.854 130.749 0 0 0 0 0 0 0 85.663 81.7133 82.7226 87.7342 0 0 0 143.087 137.294 125.909 127.164 0 0 0 0 0 
0 0 0 0 0 0 0 0 81.6806 69.7812 0 0 0 0 0 0 0 0 0 0 0 0 0 0 0 110.001 108.044 105.578 102.678 103.396 105.46 0 0 0 107.372 0 0 0 0 0 0 0 49.9758 44.231 0 48.6774 156.135 152.89 0 0 0 0 0 0 0 0 0 0 0 0 0 0 0 15.584 10.0429 18.9749 0 0 0 0 0 0 0 0 0.556198 0 0.546195 0 0 0 133.271 139.376 0 70.1317 0 0 0 0 0 0 0 0 0 0 0 0 0 0 0 0 0 144.593 0 0 0 0 0 138.211 134.338 131.241 0 0 0 0 0 0 0 85.979 82.045 83.0773 88.0977 0 0 0 143.261 137.473 126.106 127.399 0 0 0 0 0 
0 0 0 0 0 0 0 0 82.2242 0 0 0 0 0 0 0 0 0 0 0 0 0 0 0 0 110.397 108.44 105.979 103.089 103.813 105.888 0 0 0 0 0 0 0 0 0 0 0 49.4997 43.7856 44.1269 48.3029 156.668 153.425 0 0 0 0 0 0 0 0 0 0 0 0 0 0 0 15.3938 9.96867 19.241 0 2.67994 0 0 0 0 0 0 0 0.546195 0 0 0 0 133.753 139.859 0 69.7832 0 0 0 0 0 0 0 0 0 0 0 0 0 0 0 0 0 0 0 0 0 0 0 138.748 134.877 131.783 0 0 0 0 0 0 0 86.4252 82.5021 83.5493 88.5753 0 0 0 0 137.816 126.463 127.786 0 0 0 0 0 
106.765 63.767 61.2532 60.4286 59.9886 61.3867 0 0 0 0 0 0 0 0 0 0 0 140.179 132.593 132.967 0 0 102.774 94.9164 91.9522 31.0861 0 0 0 0 30.0609 25.068 0 0 0 0 0 0 0 0 0 0 0 0 0 0 0 0 0 0 0 0 0 0 0 0 0 0 0 0 0 115.798 0 0 130.538 117.905 117.05 0 0 0 0 0 0 0 0 0 0 0 2.44551 0 0 0 14.8036 0 0 0 0 0 0 0 0 0 0 0 0 0 0 144.661 143.605 139.965 140.978 0 0 0 0 0 0 0 0 0 0 0 0 0 0 0 0 48.5599 0 0 47.6329 44.511 43.3849 42.7854 0 0 0 24.355 21.1646 0 0 0 0 
109.205 0 0 0 0 0 0 0 72.225 85.9154 0 0 86.4445 74.1535 0 0 0 138.959 131.457 131.931 97.7071 0 0 0 90.5164 29.5248 0 0 0 0 27.9247 23.2848 0 83.7072 0 0 0 0 0 0 0 0 0 0 0 0 0 0 0 0 0 0 0 0 146.853 159.866 0 0 0 0 146.914 113.568 0 0 128.227 115.597 114.765 0 0 0 0 0 0 0 0 0 0 2.44551 0 6.58664 0 0 0 0 0 0 0 0 0 0 0 0 0 0 0 0 0 142.216 141.16 137.521 138.535 0 0 0 0 0 0 0 0 0 0 0 0 0 0 0 0 46.2136 0 0 45.1954 42.0894 40.9832 40.4019 0 0 33.6871 24.174 21.0314 23.916 0 0 287.018 
0 0 0 0 0 0 0 0 66.2189 80.145 0 0 80.1128 67.859 0 0 0 0 133.174 133.931 0 0 0 0 0 30.5917 0 0 0 0 26.5514 23.7675 71.9527 77.1605 0 0 0 84.6081 79.8851 71.8787 151.621 159.192 0 151.361 147.95 146.316 54.555 0 68.3801 0 0 0 0 0 141.175 154.217 0 0 0 0 0 110.985 0 0 0 0 0 0 0 0 0 0 0 0 0 0 0 0 6.58664 0 10.2033 0 0 0 0 0 0 155.687 0 0 0 0 0 0 139.503 0 0 137.355 136.311 132.798 133.862 118.026 0 0 0 0 125.03 50.7144 51.9358 54.543 0 0 0 0 0 0 0 43.0579 0 0 40.8682 38.1096 37.3019 36.9417 0 0 38.1362 0 25.8447 30.4812 0 0 281.5 
0 0 0 0 0 0 0 0 65.5778 80.1785 0 0 77.7839 65.8747 0 0 0 0 0 143.837 0 0 0 0 0 40.4217 0 0 0 0 35.1109 0 67.2961 73.1242 0 0 0 78.1491 73.6621 66.4487 0 0 0 158.216 154.95 153.603 44.3975 46.3418 58.7744 0 0 0 0 55.134 0 0 0 0 0 0 0 0 0 0 0 0 0 136.194 0 0 0 0 133.732 130.417 132.899 133.271 133.753 0 0 10.2033 0 6.12403 0 162.761 0 0 0 163.568 0 0 0 0 0 0 142.528 0 0 139.482 138.468 135.247 136.414 110.851 122.591 0 0 0 117.362 41.7103 43.4307 46.5029 0 52.5962 0 0 0 0 0 49.1983 0 0 45.2191 43.1711 42.8691 42.8497 0 0 0 0 0 0 0 0 0 
109.817 0 56.0336 54.8289 53.5825 54.5278 58.9681 0 70.8003 85.5439 0 0 82.3511 70.6381 0 0 0 0 0 0 0 0 0 0 0 0 0 0 0 0 0 0 70.8141 76.935 0 0 0 80.4371 76.1495 69.5168 0 0 0 0 0 0 41.9061 44.5312 57.7728 0 0 0 0 51.5857 0 0 0 0 0 0 0 0 0 0 0 0 0 142.304 0 0 0 0 0 136.493 139.003 139.376 139.859 0 0 0 6.12403 0 5.0081 0 0 0 0 0 0 0 0 0 0 0 148.466 0 0 145.265 0 141.094 142.278 112.435 124.703 0 0 0 0 41.8925 44.2179 47.7445 0 52.1163 0 0 0 0 0 0 0 0 51.3382 0 0 0 0 0 0 0 0 0 0 0 0 
105.151 0 52.6159 51.4967 50.4515 51.5289 56.0667 0 0 0 0 0 0 0 0 0 0 0 0 0 0 0 0 0 0 0 0 0 0 0 0 0 0 0 0 0 0 85.4167 81.1451 0 0 0 0 0 0 0 45.2564 48.2735 61.8603 0 0 0 0 54.0471 0 0 0 0 0 0 0 0 0 0 0 0 0 0 0 0 0 0 0 0 0 0 0 14.8036 0 0 0 5.0081 0 0 0 0 0 0 0 0 0 0 0 0 0 0 0 0 0 0 0 117.306 129.654 0 0 0 0 46.5001 48.982 52.5988 0 56.4505 0 0 0 0 0 0 0 0 0 0 0 0 0 0 0 39.092 35.892 33.3199 38.7381 46.3013 0 
0 219.517 217.099 216.53 216.504 218.056 0 0 134.238 127.406 0 0 0 0 0 59.345 51.9702 50.1477 56.9833 0 68.002 52.5001 57.2527 65.3216 0 126.344 124.809 123.592 122.785 124.388 128.062 0 0 0 0 0 0 0 0 0 19.69 0 0 0 0 21.7863 0 196.431 0 0 0 0 0 0 0 0 0 0 0 0 0 58.0497 53.3805 55.572 61.6851 0 0 68.2375 68.2765 68.8764 71.8515 0 0 76.945 70.6126 70.1317 69.7832 0 0 0 162.761 0 0 0 8.53898 0 0 6.80435 0 0 0 0 0 0 93.5022 0 0 0 0 0 0 0 0 0 0 0 0 183.066 180.31 178.597 184.232 0 242.36 242.734 245.668 0 0 115.14 113.816 117.238 0 0 0 121.377 0 0 133.919 139.831 142.166 0 0 0 0 
0 0 0 0 0 0 0 0 0 0 0 0 0 0 0 64.1926 56.9255 55.8118 63.2802 0 76.2921 60.9015 65.7595 73.8392 0 0 0 0 0 0 0 0 0 0 0 0 0 0 0 0 0 18.9743 28.5106 0 0 0 0 0 0 0 0 0 0 0 0 0 0 0 0 0 0 0 0 0 0 0 0 0 0 0 0 0 0 0 0 0 0 0 0 0 0 0 0 8.53898 0 4.63224 0 0 185.376 195.946 0 0 0 0 0 0 0 0 0 0 0 0 0 0 0 0 0 0 0 0 0 0 0 0 0 0 0 0 0 0 0 0 0 0 0 0 142.458 0 0 0 0 0 219.723 
0 0 0 0 0 0 0 0 0 0 0 0 0 0 0 0 0 0 0 0 0 0 0 0 0 0 0 0 0 0 0 0 0 0 0 0 0 0 0 0 16.8343 0 0 0 0 0 0 0 0 0 0 0 0 0 0 0 0 0 0 0 0 0 0 0 0 0 0 0 0 0 0 0 0 0 0 0 0 0 0 0 0 0 0 0 4.63224 0 0.535234 0 181.127 191.754 0 0 0 0 0 0 0 0 0 0 0 0 0 0 0 0 0 0 0 0 0 0 0 0 0 0 0 0 0 0 0 0 0 0 0 0 0 0 0 0 0 0 215.985 
0 0 0 0 0 0 0 0 0 0 0 0 0 0 0 0 0 0 0 0 0 0 0 0 0 0 0 0 0 0 0 0 0 0 0 0 0 0 0 0 16.302 14.1769 0 0 0 20.1908 0 200.572 0 0 0 0 0 216.138 0 0 0 0 0 0 0 59.7714 53.1017 0 0 0 0 0 0 0 0 0 0 0 0 0 0 0 0 0 0 0 0 0 0 0.535234 0 4.57376 0 191.316 0 0 0 0 0 0 0 0 0 0 0 0 0 0 0 0 0 186.983 184.079 182.189 0 0 0 245.473 0 0 0 0 0 0 0 0 0 0 0 0 0 0 0 0 0 0 215.615 
